-1.26206E+02 -2.48383E+02 1.00000E+06 
1.81371E+01  -2.30160E+02 7.94328E+05 
8.93126E+01  -1.58038E+02 6.30957E+05 
1.02776E+02  -9.27255E+01 5.01187E+05 
9.55294E+01  -5.25982E+01 3.98107E+05 
8.63671E+01  -3.03923E+01 3.16228E+05 
7.85862E+01  -1.91788E+01 2.51189E+05 
6.86341E+01  -1.15662E+01 1.99526E+05 
6.42094E+01  -8.06347E+00 1.58489E+05 
6.13092E+01  -5.86948E+00 1.25893E+05 
5.95330E+01  -4.78023E+00 1.00000E+05 
5.83993E+01  -4.24664E+00 7.94328E+04 
5.76189E+01  -3.77005E+00 6.30957E+04 
5.74124E+01  -3.55634E+00 5.01187E+04 
5.70885E+01  -4.06533E+00 3.98107E+04 
5.69261E+01  -4.54987E+00 3.16228E+04 
5.73567E+01  -4.22284E+00 2.51189E+04 
5.80775E+01  -4.73269E+00 1.99526E+04 
5.84214E+01  -5.14630E+00 1.58489E+04 
5.91428E+01  -5.65268E+00 1.25893E+04 
6.01358E+01  -5.92489E+00 1.00000E+04 
6.10139E+01  -6.35512E+00 7.94328E+03 
6.19409E+01  -6.76175E+00 6.30957E+03 
6.28675E+01  -7.20406E+00 5.01187E+03 
6.38840E+01  -7.67402E+00 3.98107E+03 
6.47993E+01  -8.19228E+00 3.16228E+03 
6.60461E+01  -8.77405E+00 2.51189E+03 
6.70355E+01  -9.40312E+00 1.99526E+03 
6.80866E+01  -1.02007E+01 1.58489E+03 
6.92166E+01  -1.11337E+01 1.25893E+03 
7.03503E+01  -1.22478E+01 1.00000E+03 
7.15605E+01  -1.37163E+01 7.94328E+02 
7.28690E+01  -1.53608E+01 6.30957E+02 
7.42758E+01  -1.73766E+01 5.01187E+02 
7.58057E+01  -1.97812E+01 3.98107E+02 
7.75021E+01  -2.27116E+01 3.16228E+02 
7.92891E+01  -2.62202E+01 2.51189E+02 
8.13028E+01  -3.05422E+01 1.99526E+02 
8.35353E+01  -3.57360E+01 1.58489E+02 
8.60542E+01  -4.20560E+01 1.25893E+02 
8.89076E+01  -4.97347E+01 1.00000E+02 
9.21766E+01  -5.91101E+01 7.94328E+01 
9.59714E+01  -7.04806E+01 6.30957E+01 
9.97363E+01  -8.19429E+01 5.20000E+01 
1.05820E+02  -1.01273E+02 3.98107E+01 
1.12348E+02  -1.21607E+02 3.16228E+01 
1.20375E+02  -1.46427E+02 2.51189E+01 
1.29814E+02  -1.76432E+02 1.99526E+01 
1.42179E+02  -2.12820E+02 1.58489E+01 
1.56756E+02  -2.56724E+02 1.25893E+01 
1.76201E+02  -3.08728E+02 1.00000E+01 
2.00408E+02  -3.71317E+02 7.94328E+00 
2.31128E+02  -4.47398E+02 6.30957E+00 
2.68488E+02  -5.32243E+02 5.01187E+00 
3.17558E+02  -6.35147E+02 3.98107E+00 
3.78245E+02  -7.52684E+02 3.16228E+00 
4.48625E+02  -8.87482E+02 2.51189E+00 
5.37045E+02  -1.04482E+03 1.99526E+00 
6.41432E+02  -1.22043E+03 1.58489E+00 
7.52569E+02  -1.43388E+03 1.25893E+00 
8.89751E+02  -1.65615E+03 1.00000E+00 
1.04211E+03  -1.92655E+03 7.94328E-01 
1.22461E+03  -2.26308E+03 6.30957E-01 
1.37711E+03  -2.60282E+03 5.01187E-01 
1.57873E+03  -3.08035E+03 3.98107E-01 
1.79395E+03  -3.61470E+03 3.16228E-01 
2.02211E+03  -4.26860E+03 2.51189E-01 
2.28787E+03  -5.07255E+03 1.99526E-01 
2.57344E+03  -6.06309E+03 1.58489E-01 
2.88111E+03  -7.26376E+03 1.25893E-01 
3.23361E+03  -8.75105E+03 1.00000E-01 
